alpha-beta pruning?

shuffle at each step or just at the beginning?




Just best move
1500 / 1267
first vs second


Normal vs look ahead 1 move, 10 randoms.    M = 5
    #number of moves for opponent
    O = 1
    #number of racks guessed
    R = 10
    #number of turns in
    N = 1

actually working:

(337, 313)

(428, 358)

765, 671

not really working:
857, 777


Endgame:

(3178, 2789)
normal vs endgame


Scores:
(27.304502369668246, 28.35248815165877)
(27.363151658767773, 27.61611374407583)
(24.83649289099526, 24.43424170616114)
(24.079976303317537, 23.150473933649288)
(22.204383886255926, 22.12026066350711)
(21.11196682464455, 20.870853080568722)
(20.230450236966824, 19.609597156398106)
(19.19372037914692, 18.92654028436019)
(17.979857819905213, 18.238744075829384)
(17.31812796208531, 17.634478672985782)
(17.186611374407583, 16.89099526066351)
(16.213862559241708, 15.98281990521327)
(15.832938388625593, 15.28436018957346)
(14.992890995260664, 13.998222748815166)
(12.360781990521327, 11.48281990521327)
(9.879739336492891, 8.963270142180095)
(6.834123222748815, 5.483412322274882)
(3.9531990521327014, 2.981042654028436)
(2.0835308056872037, 1.457345971563981)
(1.0491706161137442, 0.7428909952606635)
(0.5248815165876777, 0.4099526066350711)
(0.2636255924170616, 0.17417061611374407)
(0.10781990521327015, 0.11611374407582939)
(0.050355450236966824, 0.026066350710900472)
(0.01481042654028436, 0.016587677725118485)
(0.01066350710900474, 0.01481042654028436)
(0.004146919431279621, 0.0017772511848341231)
(0.006516587677725118, 0.0)
(0.005924170616113744, 0.0)
(0.0017772511848341231, 0.0)
The game is over! Bot1, you have won!

(27.67798309697751, 28.217590603065464)
(26.692737430167597, 27.224896146683857)
(25.225898868356968, 24.771522704483598)
(23.30010027216731, 23.328033233061166)
(21.879673399226473, 21.941125913192952)
(20.909182065606647, 20.742730267869934)
(19.9210714797307, 19.93955020770663)
(19.180060163300386, 19.26529150551497)
(18.361982523993696, 18.275461968199398)
(17.748173614095403, 17.72912190230626)
(17.02922217447357, 17.01804899011603)
(16.743016759776538, 16.355249964188513)
(15.917060593038247, 15.489184930525713)
(14.661653058301104, 14.100272167311273)
(12.703480876665234, 11.472998137802607)
(9.728978656352957, 8.348230912476723)
(6.543331900873801, 5.289500071622976)
(3.786133791720384, 2.844721386620828)
(1.962756052141527, 1.3604068185073772)
(0.9159146254118321, 0.6530583011029938)
(0.405672539750752, 0.28061882251826387)
(0.15255694026643749, 0.1087236785560808)
(0.08079071766222604, 0.047557656496203984)
(0.04569545910328033, 0.019911187508952873)
(0.028076206847156567, 0.0148975791433892)
(0.008738003151410973, 0.00730554361839278)
(0.004154132645752757, 0.0022919352528291076)
(0.0014324595330181922, 0.0010027216731127346)
(0.0, 0.0004297378599054577)
The game is over! Bot1, you have won!
Score is:(3724, 3257)

(27.1482491545762, 28.077288098614595)
(26.61590487618632, 27.073306425220903)
(25.146449220028362, 24.858405148903675)
(23.501145412894076, 23.125613614050398)
(22.09997818261154, 21.721991927566272)
(20.902585360532346, 20.64072215555798)
(19.846078324424568, 19.67955710701429)
(19.157467001199958, 18.863150430893423)
(18.309752372640993, 18.09452383549689)
(17.664012217737536, 17.487727718992037)
(16.924675466346677, 16.680920693792952)
(16.47131013417694, 16.148140067633904)
(15.602378095341988, 15.370786516853933)
(14.527271735573251, 13.902530817061198)
(12.731155230718883, 11.51199956365223)
(10.028144431111595, 8.433238791316679)
(6.873840951238137, 5.471473764590378)
(4.197283735136904, 3.151685393258427)
(2.278771681029781, 1.6330315261263226)
(1.1175411803207156, 0.7836260499618196)
(0.5262354096214683, 0.3595505617977528)
(0.23960946874659103, 0.1711574124577288)
(0.11666848478237155, 0.08334242391185775)
(0.05405257990618523, 0.04025308170611978)
(0.021981018872041017, 0.021926475400894513)
(0.012381367950256354, 0.009490563979491655)
(0.005127086287771354, 0.002345369259299662)
(0.0026180866150321805, 0.0)
(0.0007636085960510527, 0.0)
The game is over! Bot2, you have won!
Score is:(9921, 8413)
